function [poolarea,poolradius] = pool

poolarea = [1.84 2.26 2.66 3.07 3.47 3.88 4.79 5.27 5.75 6.25 6.84 7.44 8.06 8.66 9.40 10.47 11.38 12.21 13.79 15.39 17.03 19.03 21.12 23.20 25.12 27.50 29.88 32.76 33.90 34.77 39.16 43.00 45.65 46.94 51.00 52.10 61.82 61.90 68.30 76.38 90.60 94.13];
poolradius = [0.47 0.57 0.67 0.77 0.87 0.97 0.97 1.06 1.16 1.26 1.15 1.26 1.36 1.46 1.35 1.36 1.45 1.55 1.75 1.95 1.74 1.94 2.16 2.36 2.57 2.35 2.56 2.14 2.33 2.97 2.54 2.93 2.94 2.94 2.92 3.54 3.96 3.52 3.51 3.93 3.92 3.92];

end