function [poolbeam,poolcolumn]=pool

poolbeam=[2.52000000000000,2.68000000000000,2.96000000000000,3.54000000000000,3.55000000000000,3.83000000000000,3.84000000000000,4.16000000000000,4.41000000000000,4.44000000000000,4.43000000000000,4.71000000000000,4.71000000000000,4.74000000000000,4.99000000000000,5.26000000000000,5.56000000000000,5.57000000000000,5.62000000000000,5.87000000000000,6.16000000000000,6.48000000000000,6.49000000000000,6.49000000000000,7.08000000000000,7.34000000000000,7.61000000000000,7.65000000000000,7.68000000000000,7.69000000000000,8.24000000000000,8.79000000000000,8.84000000000000,8.85000000000000,9.12000000000000,9.13000000000000,9.71000000000000,10,10.3000000000000,10.3000000000000,10.3000000000000,10.6000000000000,11.2000000000000,11.5000000000000,11.7000000000000,11.7000000000000,11.8000000000000,11.8000000000000,12.6000000000000,13,13.1000000000000,13.3000000000000,13.3000000000000,13.5000000000000,14.1000000000000,14.1000000000000,14.1000000000000,14.4000000000000,14.6000000000000,14.7000000000000,14.7000000000000,14.7000000000000,15.6000000000000,15.6000000000000,15.8000000000000,16.2000000000000,16.2000000000000,16.2000000000000,16.7000000000000,16.8000000000000,17,17.1000000000000,17.6000000000000,17.6000000000000,17.9000000000000,18.3000000000000,18.3000000000000,19.1000000000000,19.1000000000000,19.7000000000000,20,20,20,20,20.1000000000000,20.8000000000000,21.1000000000000,21.5000000000000,21.8000000000000,22.3000000000000,22.4000000000000,22.6000000000000,22.6000000000000,23.2000000000000,24,24.3000000000000,24.7000000000000,24.8000000000000,25.3000000000000,25.6000000000000,25.9000000000000,26.5000000000000,26.4000000000000,26.5000000000000,27.3000000000000,27.7000000000000,27.7000000000000,28.2000000000000,28.5000000000000,29.1000000000000,29.1000000000000,29.4000000000000,29.5000000000000,29.8000000000000,30,30.3000000000000,30.6000000000000,31.1000000000000,31.2000000000000,31.7000000000000,32,32.7000000000000,32.9000000000000,33.5000000000000,34.2000000000000,34.4000000000000,34.7000000000000,35.1000000000000,35.3000000000000,35.3000000000000,35.9000000000000,36.5000000000000,37.8000000000000,38.2000000000000,38.3000000000000,38.5000000000000,38.8000000000000,38.8000000000000,38.9000000000000,39.7000000000000,39.9000000000000,41.6000000000000,42.1000000000000,42.7000000000000,43,43.1000000000000,43.2000000000000,43.5000000000000,43.8000000000000,44.2000000000000,44.7000000000000,44.8000000000000,46.3000000000000,46.7000000000000,47,47.6000000000000,47.7000000000000,48.8000000000000,49.2000000000000,49.5000000000000,50,50.1000000000000,51,51.3000000000000,51.7000000000000,51.8000000000000,52.5000000000000,53.6000000000000,53.6000000000000,53.6000000000000,55.8000000000000,56.3000000000000,56.3000000000000,56.8000000000000,57,57.2000000000000,58.5000000000000,59.2000000000000,59.2000000000000,60.7000000000000,61.8000000000000,61.8000000000000,62,62,62.2000000000000,63.4000000000000,64,65.2000000000000,67.2000000000000,68.1000000000000,67.7000000000000,67.7000000000000,68.1000000000000,68.5000000000000,69,69.2000000000000,69.4000000000000,71,72.5000000000000,73.3000000000000,73.5000000000000,74,75.4000000000000,75.6000000000000,76,77,76.9000000000000,76.9000000000000,77.5000000000000,77.6000000000000,81.4000000000000,82,81.9000000000000,82,82.9000000000000,82.9000000000000,83.3000000000000,85.7000000000000,85.4000000000000,85.9000000000000,87.4000000000000,88.8000000000000,89.6000000000000,89.8000000000000,90.4000000000000,91.4000000000000,93.6000000000000,95.3000000000000,95.8000000000000,96,96,97.5000000000000,98.5000000000000,98.4000000000000,98.8000000000000,98.9000000000000,101,104,105,105,107,108,109,109,109,114,115,115,116,117,117,125,127,130,134,147,148,156,159,162,174,178,192,196,215,236,236;3.94000000000000,3.94000000000000,3.94000000000000,3.96000000000000,4,4.06000000000000,4,3.97000000000000,4,4.02000000000000,5.99000000000000,3.99000000000000,5,4.03000000000000,4.01000000000000,5.25000000000000,5.03000000000000,4.01000000000000,4.02000000000000,6.02000000000000,5.27000000000000,4.03000000000000,5.75000000000000,5,6.50000000000000,6.08000000000000,5.77000000000000,6.49000000000000,5.50000000000000,5.03000000000000,6.54000000000000,6.52000000000000,5.81000000000000,6.73000000000000,8,5.53000000000000,7.96000000000000,6.75000000000000,6.56000000000000,6,8.02000000000000,6.99000000000000,6.77000000000000,7.99000000000000,8.01000000000000,8.07000000000000,7,6.02000000000000,8,6.50000000000000,8.05000000000000,8.02000000000000,7.04000000000000,6.06000000000000,8.03000000000000,8.14000000000000,8.11000000000000,10,8.08000000000000,7.07000000000000,7.50000000000000,6.53000000000000,10,8.06000000000000,10,7.53000000000000,8.22000000000000,7.01000000000000,6.56000000000000,7.12000000000000,10,8.22000000000000,10.1000000000000,7.56000000000000,10,8.24000000000000,8.24000000000000,12,7.59000000000000,8.28000000000000,10.1000000000000,10,10,8.27000000000000,8.97000000000000,7.64000000000000,12,8.30000000000000,10.1000000000000,11,8.99000000000000,10.2000000000000,10.3000000000000,12.1000000000000,10.1000000000000,8.36000000000000,9.02000000000000,10,11.1000000000000,12.1000000000000,10.3000000000000,14.5000000000000,10.4000000000000,14.5000000000000,8.42000000000000,9.07000000000000,10,12.2000000000000,11.1000000000000,14.6000000000000,10.5000000000000,10.3000000000000,10.4000000000000,12.3000000000000,10,9,12.8000000000000,11.2000000000000,12.2000000000000,10.5000000000000,14.6000000000000,12.3000000000000,10.4000000000000,10.1000000000000,10.5000000000000,12.8000000000000,11.5000000000000,11.3000000000000,12.3000000000000,14.7000000000000,12.4000000000000,10.5000000000000,10,11.2000000000000,11.5000000000000,12.9000000000000,14.7000000000000,12.4000000000000,10.5000000000000,12,12.4000000000000,11.5000000000000,11.2000000000000,15.5000000000000,12.9000000000000,14,12.5000000000000,10.5000000000000,11.8000000000000,12,12.5000000000000,11.6000000000000,11.3000000000000,15.6000000000000,12,14,13,12.4000000000000,11.8000000000000,11.5000000000000,12.6000000000000,12,15,11.4000000000000,12.9000000000000,15.7000000000000,14.1000000000000,12.5000000000000,12.1000000000000,12.1000000000000,12.7000000000000,13,15,15.7000000000000,12.1000000000000,14,15.8000000000000,12.6000000000000,15.7000000000000,13,12.8000000000000,12.2000000000000,15.8000000000000,11.8000000000000,15.1000000000000,15.8000000000000,14.1000000000000,15.8000000000000,13.1000000000000,12.1000000000000,12.9000000000000,15.8000000000000,12.1000000000000,15.9000000000000,11.9000000000000,15.1000000000000,14.2000000000000,15.9000000000000,16.5000000000000,15.8000000000000,13.2000000000000,13,12.2000000000000,16,14.3000000000000,16.6000000000000,15.2000000000000,15.8000000000000,15.8000000000000,11.9000000000000,15.8000000000000,12,13.1000000000000,13.3000000000000,16.6000000000000,14.4000000000000,16.1000000000000,15.9000000000000,15.8000000000000,15.3000000000000,15.8000000000000,16.7000000000000,13.2000000000000,13.4000000000000,14.4000000000000,16.2000000000000,16,15.9000000000000,15.4000000000000,12.1000000000000,12.1000000000000,12.2000000000000,15.9000000000000,13.5000000000000,13.4000000000000,14.6000000000000,16.4000000000000,16.1000000000000,15.5000000000000,15.5000000000000,16,14.7000000000000,16.5000000000000,13.7000000000000,16.1000000000000,16.2000000000000,15.6000000000000,12.4000000000000,16.8000000000000,16.6000000000000,16.1000000000000,16.7000000000000,16.2000000000000,17,16.8000000000000,17,16.4000000000000,17.2000000000000,15.3000000000000,17.2000000000000,16.7000000000000,17.4000000000000,17.6000000000000,17.7000000000000,17.9000000000000,18,18;14.9000000000000,16.4000000000000,30.8000000000000,53.8000000000000,22.1000000000000,11.3000000000000,39.6000000000000,88.6000000000000,68.9000000000000,48,29.1000000000000,103,21.4000000000000,32.1000000000000,81.9000000000000,61.9000000000000,26.3000000000000,130,96.3000000000000,