function [poolarea] = pool

poolarea = [0.111 0.141 0.196 0.25 0.307 0.391 0.442 0.563 0.602 0.766 0.785 0.994 1 1.228 1.266 1.457 1.563 1.620 1.80 1.99 2.13 2.38 2.62 2.63 2.88 2.93 3.09 3.13 3.38 3.47 3.55 3.63 3.84 3.87 3.88 4.18 4.22 4.49 4.59 4.80 4.97 5.12 5.74 7.22 7.97 8.53 9.30 10.85 11.5 13.5 13.9 14.2 15.5 16 16.9 18.8 19.9 22 22.9 24.5 26.5 28 30 33.5];

end